distict
name HOUSING
type int
height 3

0.0,1000.0 has 0.0,500.0 500.0,1000.0 
1000.0,2000.0 has 1000.0,1500.0 1500.0,2000.0 
2000.0,3000.0 has 2000.0,2500.0 2500.0,3000.0 
3000.0,4000.0 has 3000.0,3500.0 3500.0,4000.0 
4000.0,5000.0 has 4000.0,4500.0 4500.0,5000.0 
5000.0,6000.0 has 5000.0,5500.0 5500.0,6000.0 
6000.0,7000.0 has 6000.0,6500.0 6500.0,7000.0 
7000.0,8000.0 has 7000.0,7500.0 7500.0,8000.0 
8000.0,9000.0 has 8000.0,8500.0 8500.0,9000.0 
9000.0,10000.0 has 9000.0,9500.0 9500.0,10000.0 
10000.0,11000.0 has 10000.0,10500.0 10500.0,11000.0 
11000.0,12000.0 has 11000.0,11500.0 11500.0,12000.0 
12000.0,13000.0 has 12000.0,12500.0 12500.0,13000.0 
13000.0,14000.0 has 13000.0,13500.0 13500.0,14000.0 
14000.0,15000.0 has 14000.0,14500.0 14500.0,15000.0 
15000.0,16000.0 has 15000.0,15500.0 15500.0,16000.0 
16000.0,17000.0 has 16000.0,16500.0 16500.0,17000.0 
17000.0,18000.0 has 17000.0,17500.0 17500.0,18000.0 
18000.0,19000.0 has 18000.0,18500.0 18500.0,19000.0 
19000.0,20000.0 has 19000.0,19500.0 19500.0,20000.0
20000.0,21000.0 has 20000.0,20500.0 20500.0,21000.0 
21000.0,22000.0 has 21000.0,21500.0 21500.0,22000.0 
22000.0,23000.0 has 22000.0,22500.0 22500.0,23000.0 
23000.0,24000.0 has 23000.0,23500.0 23500.0,24000.0 
24000.0,25000.0 has 24000.0,24500.0 24500.0,25000.0 
25000.0,26000.0 has 25000.0,25500.0 25500.0,26000.0 
26000.0,27000.0 has 26000.0,26500.0 26500.0,27000.0 
27000.0,28000.0 has 27000.0,27500.0 27500.0,28000.0 
28000.0,29000.0 has 28000.0,28500.0 28500.0,29000.0 
29000.0,30000.0 has 29000.0,29500.0 29500.0,30000.0 
30000.0,31000.0 has 30000.0,30500.0 30500.0,31000.0 
31000.0,32000.0 has 31000.0,31500.0 31500.0,32000.0 
32000.0,33000.0 has 32000.0,32500.0 32500.0,33000.0 
33000.0,34000.0 has 33000.0,33500.0 33500.0,34000.0 
34000.0,35000.0 has 34000.0,34500.0 34500.0,35000.0 
35000.0,36000.0 has 35000.0,35500.0 35500.0,36000.0 
36000.0,37000.0 has 36000.0,36500.0 36500.0,37000.0 
37000.0,38000.0 has 37000.0,37500.0 37500.0,38000.0 
38000.0,39000.0 has 38000.0,38500.0 38500.0,39000.0 
39000.0,40000.0 has 39000.0,39500.0 39500.0,40000.0
40000.0,41000.0 has 40000.0,40500.0 40500.0,41000.0 
41000.0,42000.0 has 41000.0,41500.0 41500.0,42000.0 
42000.0,43000.0 has 42000.0,42500.0 42500.0,43000.0 
43000.0,44000.0 has 43000.0,43500.0 43500.0,44000.0

0.0,44000.0 has 0.0,1000.0 1000.0,2000.0 2000.0,3000.0 3000.0,4000.0 4000.0,5000.0 5000.0,6000.0 6000.0,7000.0 7000.0,8000.0 8000.0,9000.0 9000.0,10000.0 10000.0,11000.0 11000.0,12000.0 12000.0,13000.0 13000.0,14000.0 14000.0,15000.0 15000.0,16000.0 16000.0,17000.0 17000.0,18000.0 18000.0,19000.0 19000.0,20000.0 20000.0,21000.0 21000.0,22000.0 22000.0,23000.0 23000.0,24000.0 24000.0,25000.0 25000.0,26000.0 26000.0,27000.0 27000.0,28000.0 28000.0,29000.0 29000.0,30000.0 30000.0,31000.0 31000.0,32000.0 32000.0,33000.0 33000.0,34000.0 34000.0,35000.0 35000.0,36000.0 36000.0,37000.0 37000.0,38000.0 38000.0,39000.0 39000.0,40000.0 40000.0,41000.0 41000.0,42000.0 42000.0,43000.0 43000.0,44000.0
